
 52

(((((Metridia.pacifica: 0.007634, Metridia.lucens: 0.009442): 0.016288, Metridia.longa: 0.020714): 0.020349, (Pleuromamma.robusta: 0.016291, (Pleuromamma.xiphias: 0.017951, Pleuromamma.abdominalis: 0.011101): 0.004599): 0.020885): 0.108759, ((((Pseudocalanus.sp: 0.126943, Euchaetidae.sp: 0.053325): 0.030972, ((Calanoides.acutus: 0.021646, Calanoides.carinatus: 0.029874): 0.018077, ((Neocalanus.cristatus: 0.009190, (Neocalanus.flemingeri: 0.006384, Neocalanus.plumchrus: 0.007352): 0.003524): 0.022479, (Calanus.hyperboreus: 0.024403, (Calanus.propinquus: 0.040313, ((Calanus.finmarchicus: 0.011150, (Calanus.glacialis: 0.005184, Calanus.marshallae: 0.008626): 0.006366): 0.004095, ((Calanus.helgolandicus: 0.016840, Calanus.sinicus: 0.017852): 0.004850, Calanus.pacificus: 0.010340): 0.003645): 0.012366): 0.009009): 0.012490): 0.008335): 0.038288): 0.025654, (Rhincalanus.gigas: 0.076666, (Eucalanus.bungii: 0.026260, Eucalanus.hyalinus: 0.019247): 0.057412): 0.036745): 0.063628, ((Pseudodiaptomus.annandalei: 0.135648, Gigantodiaptomus.amblyodon: 0.097758): 0.028182, ((Eurytemora.affinis: 0.000749, Eurytemora.carolleeae: 0.001045): 0.090609, ((Temora.stylifera: 0.086552, Temora.longicornis: 0.070285): 0.038645, ((Acartia.fossae: 0.053740, (Acartia.clausii: 0.057633, Acartia.tonsa: 0.053377): 0.028384): 0.097785, Labidocera.madurae: 0.081413): 0.018467): 0.016723): 0.055061): 0.054833): 0.037732): 0.095606, ((Tracheliastes.polycolpus: 0.244829, (Lepeophtheirus.salmonis: 0.061407, (Caligus.confusus: 0.043326, (Caligus.clemensi: 0.059588, Caligus.rogercresseyi: 0.081661): 0.026107): 0.022483): 0.155955): 0.072542, ((((Eucyclops.serrulatus: 0.106963, Apocyclops.royi: 0.133128): 0.042769, Lernaea.cyprinacea: 0.190748): 0.053423, (Paracyclopina.nana: 0.094990, (Oithona.similis: 0.000387, Oithona.nana: 0.000691): 0.116613): 0.102209): 0.042373, (Platychelipus.littoralis: 0.163988, (Tisbe.furcata: 0.177873, (Tigriopus.kingsejongensis: 0.089831, (Tigriopus.californicus: 0.023813, Tigriopus.japonicus: 0.018771): 0.066610): 0.096234): 0.023698): 0.048571): 0.028519): 0.056618, (Amphibalanus.amphitrite: 0.284010, Penaeus.aztecus: 0.252432): 0.145397);

  0.095606  0.108759  0.020349  0.016288  0.007634  0.009442  0.020714  0.020885  0.016291  0.004599  0.017951  0.011101  0.037732  0.063628  0.025654  0.030972  0.126943  0.053325  0.038288  0.018077  0.021646  0.029874  0.008335  0.022479  0.009190  0.003524  0.006384  0.007352  0.012490  0.024403  0.009009  0.040313  0.012366  0.004095  0.011150  0.006366  0.005184  0.008626  0.003645  0.004850  0.016840  0.017852  0.010340  0.036745  0.076666  0.057412  0.026260  0.019247  0.054833  0.028182  0.135648  0.097758  0.055061  0.090609  0.000749  0.001045  0.016723  0.038645  0.086552  0.070285  0.018467  0.097785  0.053740  0.028384  0.057633  0.053377  0.081413  0.056618  0.072542  0.244829  0.155955  0.061407  0.022483  0.043326  0.026107  0.059588  0.081661  0.028519  0.042373  0.053423  0.042769  0.106963  0.133128  0.190748  0.102209  0.094990  0.116613  0.000387  0.000691  0.048571  0.163988  0.023698  0.177873  0.096234  0.089831  0.066610  0.023813  0.018771  0.145397  0.284010  0.252432

  1.751109  0.323388 -0.689125  0.233681  0.138640 -0.641215 -0.483584  3.475748  1.154655  2.197130 -0.169256  0.147376  0.848099  1.532316  1.016992  1.345983  0.264453 -0.742706  2.390449  0.137218 -0.314499  1.311246 -2.438369 -0.801546 -0.849014  1.164705  0.471962 -0.032358  3.614948  2.027376 -2.344438 -2.220177  0.791154  0.848685  0.059868  1.688912 -3.094575 -0.152354  0.598522 -3.169749  0.119067 -0.905838  0.686734 -1.455269 -0.160026  0.215785  0.571720  1.251818 -0.269287 -0.240036  1.303927  1.743433 -0.180957  1.776210  0.442047 -0.739628  1.488506 -2.725879 -1.229989  0.160980 -0.054866  0.199366 -0.300501  0.131315  0.616401  0.344811 -0.917187 -0.211540  0.130250 -0.748153  0.467291  0.232522 -0.309687 -1.178295  0.648953 -0.435079 -1.265687  0.452749  0.821987 -0.159137 -0.549272  0.601552  0.069862  0.813418 -0.126744 -1.194995 -1.655610  2.215690 -0.846919 -0.519587 -0.536076  0.641383  1.126722 -0.293100  0.064092  0.327436  0.518507  0.516502 -0.467533  0.997320  0.661814


Hessian

 -3.004e+06 -4.157e+05 -4.588e+05 -4.965e+05 -3.685e+05  -3.24e+05 -4.468e+05 -4.834e+05 -3.657e+05  -4.47e+05 -3.016e+05 -4.253e+05 -5.703e+05 -5.241e+05 -5.603e+05 -5.575e+05 -4.777e+05 -5.149e+05 -5.417e+05 -5.375e+05 -4.705e+05 -4.631e+05 -5.174e+05 -4.725e+05 -4.332e+05 -4.508e+05 -3.628e+05 -4.007e+05  -5.44e+05 -3.948e+05 -5.451e+05 -4.168e+05 -4.987e+05 -4.611e+05 -4.192e+05 -4.339e+05 -3.928e+05 -3.596e+05 -4.838e+05 -4.255e+05 -3.665e+05 -3.844e+05 -4.691e+05 -5.647e+05 -5.006e+05 -5.035e+05 -3.049e+05 -4.654e+05 -5.858e+05 -5.699e+05 -5.038e+05 -4.243e+05  -5.94e+05 -5.019e+05 -2.796e+05 -2.621e+05 -6.331e+05 -5.202e+05 -4.539e+05 -4.526e+05 -6.179e+05 -5.444e+05 -4.945e+05 -5.351e+05 -4.524e+05 -4.532e+05 -4.727e+05 -9.779e+05 -4.238e+05 -3.696e+05 -3.977e+05 -3.804e+05 -4.306e+05 -4.412e+05 -4.603e+05 -4.104e+05 -4.214e+05 -6.748e+05 -5.662e+05 -5.355e+05 -4.984e+05 -4.341e+05 -3.233e+05 -3.731e+05  -4.85e+05 -4.841e+05 -4.378e+05 -3.496e+05 -2.066e+05 -5.863e+05 -4.733e+05 -5.534e+05 -3.136e+05 -4.954e+05 -4.433e+05  -4.84e+05 -4.732e+05 -5.201e+05 -2.822e+05 -2.552e+05 -2.771e+05
 -4.157e+05 -3.237e+06 -6.603e+05 -9.553e+05 -8.113e+05 -6.475e+05 -8.464e+05 -7.192e+05 -6.653e+05  -9.66e+05 -5.869e+05 -8.851e+05 -1.001e+06 -7.511e+05  -8.59e+05 -7.336e+05 -6.519e+05 -7.293e+05 -8.029e+05 -7.822e+05 -6.968e+05 -6.797e+05  -8.71e+05 -8.033e+05 -6.413e+05  -7.31e+05 -6.869e+05 -6.018e+05 -8.318e+05 -5.823e+05 -8.163e+05 -5.853e+05 -7.758e+05 -7.278e+05 -5.999e+05 -6.821e+05 -5.214e+05  -5.37e+05 -7.775e+05 -5.981e+05 -5.772e+05  -5.58e+05 -7.132e+05 -7.411e+05 -6.923e+05 -7.329e+05 -4.475e+05 -6.694e+05 -6.532e+05  -6.68e+05 -5.304e+05 -5.881e+05 -6.271e+05 -6.453e+05 -2.914e+05 -2.752e+05 -7.424e+05 -6.915e+05 -5.478e+05 -6.255e+05 -7.007e+05 -5.652e+05 -6.332e+05 -6.262e+05 -6.266e+05   -5.9e+05 -5.963e+05 -4.542e+05  -4.42e+05 -3.861e+05 -4.094e+05 -4.898e+05 -5.301e+05 -5.582e+05 -5.434e+05 -4.749e+05 -5.008e+05 -5.759e+05 -5.168e+05 -4.996e+05 -5.095e+05 -4.908e+05 -3.441e+05 -3.996e+05  -4.67e+05 -5.445e+05 -4.925e+05 -5.719e+05 -4.528e+05 -5.374e+05 -4.823e+05 -5.497e+05 -3.206e+05 -4.884e+05 -5.291e+05 -5.441e+05 -6.233e+05 -6.661e+05 -3.121e+05 -2.699e+05 -3.025e+05
 -4.588e+05 -6.603e+05 -1.711e+07 -1.499e+06 -2.378e+06 -1.947e+06 -1.629e+06 -4.133e+06 -1.329e+06 -2.303e+06 -1.399e+06 -2.241e+06 -6.946e+05 -8.219e+05 -1.025e+06 -8.498e+05 -7.981e+05 -9.662e+05  -9.25e+05 -1.149e+06 -1.065e+06 -9.102e+05 -1.221e+06 -1.159e+06 -9.587e+05 -1.023e+06 -9.435e+05 -1.031e+06 -1.121e+06 -8.696e+05 -1.217e+06  -8.87e+05 -1.231e+06 -1.153e+06 -7.706e+05 -9.685e+05  -9.01e+05   -8.3e+05 -1.059e+06 -8.221e+05 -8.335e+05 -8.748e+05 -1.097e+06 -9.055e+05 -9.352e+05  -9.48e+05 -6.777e+05  -9.69e+05 -6.396e+05 -7.767e+05 -6.516e+05 -7.116e+05 -7.166e+05 -8.193e+05 -1.906e+04 -2.416e+05 -9.779e+05 -8.095e+05 -7.378e+05  -8.54e+05 -8.475e+05 -6.103e+05 -8.746e+05 -7.958e+05 -8.673e+05 -8.006e+05 -7.701e+05 -4.681e+05 -4.946e+05 -4.262e+05 -4.551e+05 -6.809e+05 -6.786e+05 -7.483e+05 -6.793e+05 -6.521e+05 -6.495e+05 -6.073e+05 -5.973e+05 -5.245e+05 -6.083e+05  -6.05e+05 -4.269e+05 -4.768e+05 -5.149e+05 -6.677e+05 -6.136e+05 -3.333e+05 -4.072e+05  -5.89e+05  -5.68e+05 -6.095e+05 -3.815e+05 -5.638e+05 -7.103e+05 -6.794e+05 -8.532e+05 -9.511e+05 -3.223e+05 -2.904e+05 -3.278e+05
 -4.965e+05 -9.553e+05 -1.499e+06 -2.508e+07 -1.771e+06 -1.099e+06 -2.812e+06 -1.942e+06 -1.615e+06 -2.264e+06 -1.099e+06 -2.383e+06 -7.969e+05 -8.429e+05 -1.026e+06 -8.626e+05 -8.585e+05 -9.716e+05 -1.001e+06 -1.202e+06 -1.119e+06 -1.102e+06 -1.317e+06 -1.212e+06 -9.852e+05 -1.353e+06 -8.126e+05 -9.894e+05 -1.232e+06 -9.364e+05 -1.216e+06 -9.687e+05 -1.239e+06 -1.288e+06 -8.648e+05 -1.131e+06 -1.223e+06 -9.389e+05 -1.254e+06 -6.906e+05 -7.991e+05 -1.043e+06 -1.028e+06  -8.95e+05  -8.93e+05 -9.807e+05 -7.913e+05  -1.01e+06 -7.403e+05 -8.066e+05  -6.59e+05  -7.55e+05 -7.577e+05 -8.735e+05 -2.618e+05 -8.523e+04 -9.145e+05 -8.133e+05 -7.786e+05 -9.699e+05 -8.462e+05 -6.548e+05  -9.58e+05 -9.062e+05 -9.473e+05 -8.489e+05 -7.959e+05 -5.497e+05 -5.065e+05 -4.609e+05 -4.741e+05 -7.263e+05 -7.176e+05 -8.055e+05  -7.99e+05 -7.427e+05 -7.045e+05 -6.934e+05 -5.302e+05 -5.628e+05 -6.003e+05 -6.502e+05 -4.388e+05 -4.879e+05 -5.174e+05 -7.496e+05 -6.628e+05 -6.397e+05 -8.393e+05 -5.887e+05 -5.617e+05 -6.779e+05 -4.016e+05 -5.882e+05 -6.933e+05  -6.93e+05 -1.067e+06 -1.049e+06 -3.581e+05 -3.221e+05 -3.471e+05
 -3.685e+05 -8.113e+05 -2.378e+06 -1.771e+06 -5.346e+07 -5.728e+06   -2.8e+06 -2.275e+06 -2.064e+06 -6.346e+06 -1.702e+06 -3.367e+06 -6.502e+05 -5.897e+05 -9.883e+05 -8.178e+05 -5.691e+05 -7.508e+05 -7.671e+05 -8.107e+05 -1.386e+06 -1.025e+06 -1.162e+06  -9.58e+05 -1.413e+06 -1.125e+06 -2.224e+06 -1.602e+06  -9.67e+05 -1.122e+06 -9.601e+05 -9.968e+05 -1.456e+06 -2.525e+06 -1.169e+06  -1.08e+06 -2.326e+06 -2.165e+06 -9.393e+05 -1.817e+06 -1.101e+06 -1.251e+06 -1.715e+06 -7.264e+05 -6.767e+05 -7.745e+05 -9.114e+05 -9.929e+05 -5.224e+05 -5.512e+05 -4.858e+05 -5.582e+05 -4.613e+05 -6.472e+05 -5.479e+06 -2.159e+06  -7.64e+05 -7.422e+05 -5.842e+05 -7.673e+05 -1.018e+06 -4.466e+05 -6.666e+05 -6.674e+05 -6.645e+05 -8.584e+05 -5.568e+05 -3.797e+05 -4.044e+05 -3.316e+05 -3.476e+05 -5.276e+05 -6.086e+05 -6.175e+05  -5.26e+05 -4.864e+05 -4.872e+05 -4.896e+05 -3.796e+05 -3.495e+05 -4.542e+05 -4.478e+05 -3.063e+05 -4.054e+05 -3.624e+05 -4.666e+05 -4.373e+05 -7.055e+05  2.706e+04  -4.49e+05 -4.503e+05 -4.761e+05 -2.969e+05 -4.284e+05 -5.263e+05 -4.998e+05 -7.722e+05 -6.856e+05 -2.872e+05 -2.322e+05 -2.616e+05
  -3.24e+05 -6.475e+05 -1.947e+06 -1.099e+06 -5.728e+06 -4.379e+07 -2.624e+06 -1.641e+06 -3.176e+06 -4.316e+06 -2.111e+06 -1.693e+06  -5.51e+05 -5.694e+05 -6.301e+05 -7.643e+05 -5.412e+05 -8.144e+05 -6.411e+05 -7.173e+05 -1.085e+06 -7.234e+05 -1.189e+06 -8.752e+05  -8.52e+05 -6.516e+05 -1.451e+06 -2.644e+06 -6.404e+05 -1.059e+06 -7.873e+05 -8.447e+05  -8.87e+05 -1.462e+06  -6.74e+05 -1.989e+06   -9.6e+05 -1.044e+06 -8.604e+05 -6.451e+05 -1.017e+06 -7.469e+05   -1.9e+06 -5.519e+05  -6.35e+05 -6.092e+05 -1.329e+06 -9.275e+05 -4.806e+05 -6.117e+05 -4.247e+05 -4.299e+05 -4.966e+05 -5.359e+05 -1.619e+06 -2.295e+05 -5.102e+05 -5.194e+05 -5.341e+05 -6.491e+05 -5.069e+05 -3.249e+05 -5.773e+05 -7.547e+05 -6.166e+05 -6.179e+05 -5.071e+05 -3.157e+05 -3.197e+05 -2.679e+05 -2.679e+05 -4.428e+05 -5.141e+05 -4.968e+05 -5.041e+05 -3.803e+05 -3.376e+05 -4.046e+05 -3.519e+05  -3.75e+05 -3.559e+05 -4.215e+05 -2.907e+05 -3.269e+05 -3.099e+05 -4.569e+05 -3.712e+05 -5.298e+05  9.423e+04 -3.303e+05 -3.358e+05  -3.47e+05 -2.342e+05   -2.9e+05  -4.47e+05 -4.102e+05 -6.235e+05 -5.549e+05 -2.564e+05 -2.095e+05 -2.302e+05
 -4.468e+05 -8.464e+05 -1.629e+06 -2.812e+06   -2.8e+06 -2.624e+06 -1.994e+07 -1.743e+06 -2.167e+06 -2.236e+06 -1.584e+06 -2.007e+06 -6.884e+05 -7.053e+05 -8.828e+05 -7.914e+05 -7.016e+05 -9.162e+05 -9.253e+05 -1.047e+06 -1.093e+06 -1.041e+06 -1.165e+06 -1.072e+06 -8.102e+05 -1.075e+06 -9.963e+05 -8.065e+05 -1.037e+06 -8.326e+05 -1.038e+06 -8.599e+05 -1.163e+06  -1.07e+06 -7.323e+05 -1.023e+06 -8.075e+05 -1.255e+06 -1.076e+06 -7.657e+05 -9.284e+05 -1.312e+06 -1.057e+06 -8.416e+05 -8.338e+05 -8.161e+05  -1.01e+06 -9.064e+05 -6.437e+05 -6.952e+05  -5.94e+05 -6.421e+05 -6.189e+05 -7.525e+05 -6.876e+05  -4.31e+05 -8.564e+05 -6.763e+05 -6.707e+05 -7.958e+05 -8.379e+05 -5.361e+05 -8.385e+05  -7.47e+05 -7.695e+05 -7.635e+05 -6.945e+05 -4.737e+05 -4.469e+05 -4.073e+05 -4.082e+05  -6.28e+05 -6.277e+05 -7.793e+05 -6.544e+05 -6.528e+05 -6.228e+05 -5.808e+05 -4.948e+05 -5.326e+05 -5.627e+05 -6.075e+05 -4.237e+05 -4.718e+05 -4.439e+05 -6.628e+05 -5.805e+05 -1.318e+06  -7.78e+05 -5.481e+05 -5.262e+05 -5.694e+05 -3.605e+05 -4.932e+05 -6.343e+05 -6.505e+05 -9.007e+05  -9.39e+05 -3.001e+05 -2.732e+05 -3.139e+05
 -4.834e+05 -7.192e+05 -4.133e+06 -1.942e+06 -2.275e+06 -1.641e+06 -1.743e+06 -1.672e+07 -1.433e+06 -1.716e+06 -1.846e+06 -2.499e+06 -7.069e+05  -8.13e+05 -1.098e+06  -8.93e+05 -8.096e+05 -1.027e+06 -9.917e+05 -1.214e+06 -1.056e+06 -9.954e+05 -1.422e+06 -1.166e+06  -8.91e+05 -8.681e+05 -9.905e+05  -9.32e+05 -1.165e+06 -8.728e+05  -1.22e+06 -8.968e+05 -1.252e+06 -1.318e+06 -7.534e+05 -8.276e+05 -8.268e+05 -7.556e+05 -1.348e+06 -8.475e+05 -9.597e+05 -9.001e+05 -1.178e+06 -9.735e+05 -9.141e+05 -9.766e+05 -7.695e+05 -1.098e+06 -7.086e+05 -8.343e+05 -6.742e+05 -7.367e+05 -7.126e+05 -8.344e+05 -2.479e+05 -4.048e+05 -9.924e+05 -8.188e+05 -7.556e+05 -8.961e+05 -9.181e+05 -6.338e+05 -9.356e+05 -8.296e+05  -8.56e+05 -9.097e+05 -7.981e+05 -5.124e+05 -5.153e+05 -4.581e+05 -4.664e+05 -6.859e+05  -6.97e+05 -8.256e+05 -7.618e+05 -6.949e+05 -6.931e+05 -6.466e+05 -6.258e+05 -5.966e+05 -6.366e+05 -6.293e+05 -4.529e+05 -5.374e+05 -5.291e+05 -7.183e+05 -6.349e+05 -1.017e+06 -6.459e+05 -6.321e+05 -5.852e+05 -6.717e+05 -4.067e+05 -5.616e+05 -7.423e+05 -7.535e+05  -1.01e+06 -9.844e+05 -3.415e+05 -3.141e+05 -3.525e+05
 -3.657e+05 -6.653e+05 -1.329e+06 -1.615e+06 -2.064e+06 -3.176e+06 -2.167e+06 -1.433e+06 -2.541e+07  -4.81e+06 -2.096e+06 -2.842e+06 -5.368e+05 -5.522e+05  -6.79e+05 -7.569e+05 -5.817e+05 -8.221e+05 -7.342e+05 -5.891e+05 -1.343e+06 -1.458e+06  -9.22e+05 -9.033e+05 -3.094e+06 -2.256e+06 -9.975e+05 -2.152e+06 -7.743e+05 -1.668e+06 -1.048e+06 -8.432e+05 -9.037e+05 -1.291e+06 -1.165e+06  -2.05e+06 -1.354e+06  -4.01e+06 -2.357e+06 -9.976e+05 -1.737e+06 -1.905e+06 -2.999e+06 -6.585e+05 -6.699e+05 -6.322e+05 -5.761e+05 -1.019e+06 -4.425e+05 -6.638e+05 -4.585e+05 -6.139e+05 -4.634e+05 -5.824e+05 -3.493e+05  -1.63e+05 -6.038e+05 -5.445e+05 -6.017e+05 -1.013e+06 -6.272e+05 -4.524e+05 -5.908e+05 -6.713e+05 -6.965e+05 -6.281e+05 -5.503e+05 -3.442e+05 -4.087e+05 -3.681e+05 -3.591e+05 -4.977e+05 -5.386e+05 -6.056e+05 -5.329e+05 -5.052e+05 -4.774e+05 -4.398e+05 -4.194e+05 -4.905e+05 -4.046e+05  -4.94e+05 -3.411e+05 -3.579e+05 -4.039e+05 -5.128e+05 -4.443e+05 -7.445e+05 -3.455e+05 -4.564e+05 -4.482e+05  -4.51e+05  -2.63e+05 -4.191e+05 -5.175e+05 -4.986e+05 -5.766e+05  -6.91e+05 -2.772e+05 -2.593e+05 -2.831e+05
  -4.47e+05  -9.66e+05 -2.303e+06 -2.264e+06 -6.346e+06 -4.316e+06 -2.236e+06 -1.716e+06  -4.81e+06 -7.286e+07 -1.428e+06  -4.95e+06 -7.991e+05 -7.503e+05 -9.305e+05 -9.908e+05 -7.186e+05 -1.093e+06 -9.255e+05 -9.073e+05 -1.173e+06 -1.051e+06 -1.333e+06 -1.137e+06 -1.491e+06 -1.527e+06 -1.594e+06 -2.371e+06 -1.091e+06  -1.39e+06 -1.381e+06 -9.423e+05 -9.323e+05 -1.662e+06 -7.587e+05 -1.246e+06 -8.843e+05 -2.208e+06 -1.595e+06 -2.221e+06 -1.002e+06 -9.405e+05  -1.61e+06 -7.109e+05 -8.049e+05 -1.015e+06 -8.516e+05 -1.213e+06 -6.549e+05 -7.155e+05 -5.657e+05 -7.722e+05 -5.916e+05 -7.858e+05 -3.626e+05   1.05e+05 -1.004e+06 -7.301e+05 -7.116e+05  -8.73e+05 -9.619e+05 -6.528e+05 -7.658e+05 -7.505e+05 -8.275e+05 -8.019e+05 -6.417e+05 -4.312e+05 -4.144e+05 -4.191e+05  -3.96e+05 -6.326e+05 -7.621e+05 -7.712e+05   -5.4e+05 -6.126e+05 -5.594e+05 -5.896e+05 -5.105e+05  -5.41e+05 -5.643e+05 -5.897e+05 -4.241e+05 -4.197e+05 -4.621e+05 -6.516e+05 -5.825e+05 -1.449e+06 -1.862e+05  -5.46e+05 -5.552e+05 -6.033e+05 -3.528e+05 -5.122e+05 -6.457e+05 -6.903e+05 -9.071e+05 -6.782e+05 -3.218e+05 -2.683e+05 -3.094e+05
 -3.016e+05 -5.869e+05 -1.399e+06 -1.099e+06 -1.702e+06 -2.111e+06 -1.584e+06 -1.846e+06 -2.096e+06 -1.428e+06 -2.124e+07 -2.737e+06 -4.753e+05 -4.704e+05 -5.753e+05  -5.82e+05  -5.62e+05 -7.091e+05 -5.721e+05 -6.645e+05 -7.543e+05 -7.707e+05  -7.91e+05 -7.234e+05 -1.178e+06 -9.727e+05 -8.899e+05 -1.032e+06  -5.97e+05 -5.606e+05 -6.675e+05  -1.01e+06 -7.504e+05 -1.087e+06  -6.61e+05 -6.168e+05   -4.4e+05 -7.954e+05  -8.05e+05   -7.3e+05 -7.945e+05 -8.065e+05 -8.796e+05 -5.563e+05 -5.124e+05 -5.807e+05 -5.706e+05 -6.928e+05  -4.22e+05 -4.617e+05 -4.006e+05 -4.563e+05 -3.897e+05 -5.145e+05 -2.529e+05 -5.681e+05 -5.696e+05 -4.965e+05 -5.729e+05 -6.063e+05 -5.479e+05 -3.582e+05  -4.89e+05 -4.849e+05  -4.63e+05 -5.333e+05 -5.842e+05 -3.478e+05 -3.155e+05 -2.861e+05 -2.963e+05 -4.635e+05 -5.008e+05 -5.434e+05 -4.345e+05 -4.671e+05 -4.029e+05 -4.086e+05 -3.619e+05 -3.477e+05 -3.722e+05 -4.109e+05 -3.801e+05 -3.346e+05 -3.245e+05 -4.356e+05 -3.806e+05 -1.193e+06 -2.201e+06 -3.571e+05 -3.669e+05 -4.137e+05 -2.498e+05 -3.518e+05 -4.223e+05 -3.978e+05 -6.055e+05 -5.753e+05 -2.305e+05 -2.224e+05 -2.406e+05
 -4.253e+05 -8.851e+05 -2.241e+06 -2.383e+06 -3.367e+06 -1.693e+06 -2.007e+06 -2.499e+06 -2.842e+06  -4.95e+06 -2.737e+06 -3.701e+07 -7.447e+05 -6.987e+05   -9.5e+05 -6.838e+05 -7.541e+05 -9.489e+05  -8.84e+05 -8.422e+05  -1.26e+06 -1.207e+06 -1.087e+06 -1.051e+06 -1.896e+06 -1.622e+06 -1.266e+06  -1.56e+06 -1.093e+06 -1.079e+06 -1.063e+06 -1.176e+06 -1.225e+06 -1.309e+06 -1.359e+06 -9.888e+05 -1.475e+06 -7.736e+05 -1.243e+06 -4.334e+05 -1.099e+06 -1.227e+06 -1.316e+06 -8.017e+05 -8.815e+05 -8.541e+05 -9.049e+05 -1.229e+06 -6.177e+05 -6.552e+05 -6.229e+05 -6.793e+05 -5.825e+05 -7.824e+05 -1.562e+06 -6.213e+05 -8.319e+05 -7.263e+05 -7.286e+05 -8.636e+05 -8.801e+05 -5.625e+05 -8.259e+05 -8.028e+05 -8.018e+05 -7.971e+05 -7.042e+05 -4.637e+05 -4.305e+05 -4.029e+05 -4.004e+05 -7.075e+05 -7.209e+05 -9.019e+05 -6.397e+05 -6.049e+05 -6.401e+05  -6.33e+05 -4.957e+05 -5.104e+05 -5.492e+05 -5.617e+05 -4.755e+05 -4.277e+05 -4.863e+05 -6.501e+05  -6.22e+05 -6.364e+05 -3.536e+05 -5.405e+05 -5.332e+05 -5.344e+05 -3.683e+05 -4.406e+05 -6.427e+05 -6.078e+05 -1.115e+06 -1.046e+06 -3.074e+05 -2.714e+05 -3.128e+05
 -5.703e+05 -1.001e+06 -6.946e+05 -7.969e+05 -6.502e+05  -5.51e+05 -6.884e+05 -7.069e+05 -5.368e+05 -7.991e+05 -4.753e+05 -7.447e+05 -6.958e+06 -7.972e+05 -7.563e+05 -7.593e+05 -6.677e+05 -7.281e+05 -7.623e+05 -8.165e+05 -6.461e+05     -7e+05 -7.735e+05 -7.222e+05 -6.946e+05 -7.444e+05 -6.926e+05 -5.882e+05 -7.836e+05 -6.367e+05  -8.29e+05 -5.809e+05 -8.039e+05 -6.383e+05  -6.18e+05 -6.819e+05 -5.528e+05 -5.637e+05 -6.663e+05 -5.791e+05 -6.169e+05 -5.896e+05 -7.243e+05 -6.782e+05 -6.952e+05 -7.205e+05 -4.264e+05 -6.668e+05 -7.013e+05 -6.687e+05 -5.999e+05 -5.596e+05 -6.227e+05 -6.334e+05 -5.111e+05 -4.291e+05  -8.28e+05 -6.746e+05 -5.732e+05 -6.048e+05 -7.959e+05 -6.704e+05  -6.58e+05 -6.856e+05 -6.095e+05 -6.137e+05 -6.134e+05 -5.721e+05 -4.768e+05 -3.985e+05 -4.308e+05  -4.59e+05  -5.25e+05 -5.168e+05  -5.23e+05 -4.679e+05 -4.991e+05 -6.486e+05 -6.041e+05 -5.705e+05 -5.369e+05 -4.792e+05 -3.528e+05 -4.211e+05 -5.029e+05 -5.453e+05 -4.946e+05 -4.831e+05 -2.279e+05 -5.657e+05 -5.054e+05 -5.943e+05 -3.319e+05 -5.259e+05 -5.208e+05 -5.474e+05 -5.694e+05 -6.613e+05 -3.297e+05 -2.928e+05 -3.186e+05
 -5.241e+05 -7.511e+05 -8.219e+05 -8.429e+05 -5.897e+05 -5.694e+05 -7.053e+05  -8.13e+05 -5.522e+05 -7.503e+05 -4.704e+05 -6.987e+05 -7.972e+05 -5.086e+06 -1.032e+06 -8.945e+05 -8.587e+05 -8.863e+05 -9.975e+05  -9.51e+05 -7.814e+05 -9.108e+05  -1.02e+06 -9.015e+05 -7.521e+05 -8.016e+05 -7.311e+05 -6.981e+05 -9.967e+05 -7.023e+05 -1.071e+06 -7.244e+05 -9.772e+05 -7.928e+05 -7.149e+05  -8.03e+05 -6.416e+05 -5.951e+05 -9.296e+05 -6.923e+05 -6.897e+05 -6.742e+05  -9.13e+05 -7.732e+05 -8.239e+05 -9.054e+05 -5.025e+05 -8.226e+05 -9.499e+05 -7.174e+05 -5.835e+05 -6.627e+05 -7.315e+05 -7.174e+05 -5.087e+05 -4.986e+05 -9.178e+05 -7.796e+05 -6.259e+05  -7.15e+05 -8.302e+05  -6.65e+05 -7.024e+05 -7.453e+05 -6.861e+05 -6.587e+05 -6.663e+05 -5.388e+05 -4.698e+05 -4.092e+05 -4.274e+05 -4.946e+05 -5.367e+05 -5.528e+05  -5.92e+05 -4.962e+05 -5.145e+05 -6.181e+05   -5.6e+05 -5.252e+05 -5.394e+05 -4.946e+05 -3.524e+05 -4.214e+05 -5.077e+05 -5.616e+05 -5.129e+05 -4.704e+05 -5.726e+05 -5.549e+05 -5.129e+05     -6e+05 -3.404e+05 -5.199e+05  -5.38e+05 -5.677e+05 -6.418e+05  -6.84e+05 -3.489e+05 -2.951e+05 -3.251e+05
 -5.603e+05  -8.59e+05 -1.025e+06 -1.026e+06 -9.883e+05 -6.301e+05 -8.828e+05 -1.098e+06  -6.79e+05 -9.305e+05 -5.753e+05   -9.5e+05 -7.563e+05 -1.032e+06 -1.088e+07 -7.826e+05 -1.411e+06 -1.272e+06 -1.743e+06 -1.257e+06 -1.203e+06  -1.31e+06 -1.278e+06 -1.364e+06 -1.195e+06  -1.22e+06 -1.013e+06 -1.019e+06  -1.49e+06 -1.025e+06 -1.663e+06 -1.129e+06  -1.55e+06 -1.379e+06 -1.401e+06 -1.209e+06  -1.21e+06 -1.081e+06 -1.386e+06  -8.84e+05 -1.067e+06  -1.05e+06 -1.395e+06 -1.762e+06 -1.108e+06 -1.159e+06 -7.247e+05 -1.116e+06 -8.216e+05  -8.44e+05 -6.622e+05 -7.721e+05 -7.796e+05 -8.612e+05  -4.18e+05 -4.571e+05 -1.022e+06 -9.332e+05 -7.288e+05 -8.646e+05 -1.038e+06 -7.192e+05 -8.439e+05 -8.277e+05 -8.025e+05 -7.979e+05 -8.049e+05 -5.891e+05 -5.556e+05 -4.602e+05 -4.929e+05 -6.604e+05 -7.009e+05 -7.482e+05 -7.351e+05 -6.061e+05 -6.416e+05 -7.066e+05 -6.218e+05 -6.042e+05 -6.072e+05 -5.935e+05 -4.269e+05 -4.817e+05 -5.602e+05 -7.038e+05 -6.174e+05  -7.94e+05 -9.847e+05 -6.264e+05 -6.032e+05 -6.631e+05 -3.813e+05  -5.82e+05 -6.818e+05 -7.072e+05 -8.419e+05  -9.34e+05 -3.642e+05 -3.196e+05 -3.573e+05
 -5.575e+05 -7.336e+05 -8.498e+05 -8.626e+05 -8.178e+05 -7.643e+05 -7.914e+05  -8.93e+05 -7.569e+05 -9.908e+05  -5.82e+05 -6.838e+05 -7.593e+05 -8.945e+05 -7.826e+05  -1.04e+07 -5.724e+05  -1.59e+06 -1.495e+06 -1.008e+06 -1.136e+06 -1.363e+06 -1.345e+06 -1.191e+06 -8.245e+05 -1.251e+06 -1.092e+06 -1.418e+06 -1.335e+06 -1.002e+06   -1.2e+06 -9.285e+05 -1.223e+06 -1.016e+06 -9.143e+05 -1.415e+06 -9.733e+05 -7.975e+05 -1.264e+06 -1.044e+06 -7.212e+05 -8.771e+05 -1.331e+06 -1.074e+06 -9.538e+05  -1.09e+06 -6.217e+05 -9.842e+05 -7.694e+05 -8.139e+05   -6.1e+05  -6.93e+05  -7.45e+05 -7.484e+05 -1.078e+06 -5.124e+05 -8.628e+05 -7.812e+05 -6.307e+05  -7.38e+05 -8.301e+05 -6.496e+05 -7.715e+05 -7.655e+05 -6.795e+05 -6.806e+05 -7.023e+05 -5.339e+05 -4.793e+05 -4.206e+05 -4.422e+05 -5.722e+05 -5.692e+05 -6.586e+05 -6.131e+05 -5.678e+05 -5.826e+05 -6.394e+05 -5.776e+05 -5.374e+05 -5.607e+05 -5.162e+05 -3.884e+05 -4.594e+05 -5.091e+05 -6.113e+05 -5.545e+05 -5.355e+05 -3.716e+05 -5.654e+05 -5.325e+05 -5.997e+05 -3.451e+05  -5.41e+05 -6.278e+05 -6.191e+05 -7.845e+05 -8.321e+05 -3.682e+05  -3.13e+05 -3.388e+05
 -4.777e+05 -6.519e+05 -7.981e+05 -8.585e+05 -5.691e+05 -5.412e+05 -7.016e+05 -8.096e+05 -5.817e+05 -7.186e+05  -5.62e+05 -7.541e+05 -6.677e+05 -8.587e+05 -1.411e+06 -5.724e+05 -3.043e+06 -7.464e+05 -7.409e+05  -9.52e+05 -8.209e+05 -1.038e+06 -9.388e+05   -9.5e+05 -7.853e+05 -9.632e+05 -7.493e+05 -7.554e+05 -9.985e+05 -7.733e+05 -9.952e+05 -7.834e+05 -1.033e+06 -1.006e+06 -7.949e+05 -8.708e+05 -7.486e+05 -6.565e+05 -9.538e+05 -7.003e+05 -7.124e+05 -6.975e+05 -9.365e+05 -1.173e+06 -8.492e+05 -1.014e+06 -6.069e+05 -8.817e+05  -6.67e+05 -7.088e+05 -5.381e+05 -6.138e+05 -6.326e+05 -6.825e+05 -3.772e+05 -3.117e+05 -7.653e+05 -7.025e+05 -6.025e+05 -7.036e+05 -7.381e+05  -5.62e+05 -6.869e+05 -6.577e+05 -6.612e+05 -6.317e+05 -6.244e+05 -4.734e+05 -4.413e+05 -3.917e+05 -3.983e+05 -5.178e+05 -5.552e+05 -6.103e+05 -5.809e+05 -5.161e+05 -5.245e+05 -5.404e+05  -4.99e+05 -4.835e+05 -4.956e+05 -4.793e+05  -3.48e+05 -4.043e+05 -4.578e+05 -5.534e+05 -5.071e+05 -6.639e+05 -5.289e+05 -5.104e+05 -4.814e+05 -5.374e+05 -3.331e+05 -4.738e+05 -5.686e+05 -5.543e+05 -7.144e+05 -7.241e+05 -3.137e+05 -2.795e+05 -2.946e+05
 -5.149e+05 -7.293e+05 -9.662e+05 -9.716e+05 -7.508e+05 -8.144e+05 -9.162e+05 -1.027e+06 -8.221e+05 -1.093e+06 -7.091e+05 -9.489e+05 -7.281e+05 -8.863e+05 -1.272e+06  -1.59e+06 -7.464e+05 -6.827e+06 -1.558e+06 -1.395e+06 -1.411e+06 -1.211e+06 -2.034e+06   -1.6e+06 -1.056e+06 -1.616e+06  -1.21e+06 -1.267e+06 -1.582e+06 -1.181e+06 -1.593e+06 -1.065e+06 -1.606e+06  -1.35e+06  -1.13e+06 -1.258e+06 -1.206e+06 -1.095e+06 -1.571e+06 -1.171e+06 -1.053e+06 -1.089e+06 -1.483e+06 -9.928e+05 -9.907e+05 -1.017e+06 -6.991e+05 -1.105e+06 -7.249e+05 -7.989e+05 -6.267e+05 -7.047e+05 -7.007e+05 -7.856e+05 -8.429e+05 -4.456e+05 -9.038e+05 -7.788e+05 -6.925e+05 -7.992e+05 -8.992e+05 -6.192e+05 -8.642e+05 -8.031e+05  -7.85e+05 -7.845e+05  -7.65e+05 -5.105e+05 -5.067e+05  -4.41e+05 -4.523e+05 -6.373e+05  -6.48e+05 -7.449e+05 -6.847e+05 -6.404e+05 -6.323e+05 -6.345e+05 -5.768e+05 -5.497e+05 -5.874e+05 -5.728e+05 -4.064e+05 -4.742e+05 -5.238e+05 -6.708e+05  -5.95e+05 -4.142e+05 -4.705e+05 -5.982e+05 -5.641e+05 -6.154e+05 -3.655e+05 -5.515e+05 -6.602e+05  -6.51e+05 -8.984e+05 -9.207e+05 -3.373e+05 -3.033e+05 -3.387e+05
 -5.417e+05 -8.029e+05  -9.25e+05 -1.001e+06 -7.671e+05 -6.411e+05 -9.253e+05 -9.917e+05 -7.342e+05 -9.255e+05 -5.721e+05  -8.84e+05 -7.623e+05 -9.975e+05 -1.743e+06 -1.495e+06 -7.409e+05 -1.558e+06 -8.987e+06 -1.186e+06 -1.345e+06 -1.604e+06  -1.71e+06 -1.682e+06 -1.084e+06 -1.599e+06 -1.363e+06 -1.327e+06 -1.774e+06 -1.157e+06 -2.077e+06 -1.254e+06 -1.778e+06 -1.428e+06 -1.305e+06 -1.216e+06 -1.402e+06 -1.298e+06 -1.727e+06 -1.502e+06 -1.116e+06 -1.348e+06 -1.458e+06 -1.254e+06 -1.226e+06  -1.07e+06 -6.794e+05 -1.017e+06 -8.195e+05 -7.982e+05 -6.471e+05 -7.245e+05  -7.95e+05 -7.993e+05 -9.201e+05 -3.853e+05 -9.493e+05 -8.708e+05 -7.038e+05 -8.123e+05 -9.217e+05 -6.922e+05 -8.267e+05 -8.491e+05 -7.415e+05 -7.755e+05 -7.869e+05 -5.384e+05 -5.288e+05 -4.532e+05 -4.702e+05 -6.304e+05 -6.398e+05 -7.142e+05 -6.663e+05 -5.999e+05 -6.371e+05 -6.512e+05 -6.099e+05 -5.762e+05 -6.073e+05 -5.679e+05  -4.32e+05  -4.72e+05  -5.41e+05 -6.781e+05 -5.909e+05 -3.051e+05 -3.272e+05 -6.138e+05 -5.691e+05 -6.034e+05 -3.642e+05 -5.599e+05 -6.588e+05 -6.592e+05 -8.267e+05 -8.575e+05  -3.46e+05 -3.195e+05  -3.48e+05
 -5.375e+05 -7.822e+05 -1.149e+06 -1.202e+06 -8.107e+05 -7.173e+05 -1.047e+06 -1.214e+06 -5.891e+05 -9.073e+05 -6.645e+05 -8.422e+05 -8.165e+05  -9.51e+05 -1.257e+06 -1.008e+06  -9.52e+05 -1.395e+06 -1.186e+06 -2.095e+07 -1.785e+06 -1.069e+06 -4.402e+06 -2.117e+06 -1.358e+06 -2.271e+06 -2.368e+06 -1.653e+06 -2.447e+06 -1.604e+06 -2.704e+06 -1.544e+06  -2.75e+06 -2.411e+06 -1.684e+06 -1.886e+06 -1.524e+06 -1.219e+06 -2.368e+06 -1.398e+06 -1.429e+06  -1.42e+06 -2.129e+06 -1.262e+06 -1.438e+06 -1.045e+06 -7.224e+05 -1.184e+06 -7.889e+05 -8.239e+05 -6.353e+05  -7.29e+05 -7.626e+05 -8.926e+05 -4.892e+05 -4.905e+05 -9.744e+05 -8.709e+05 -7.376e+05 -8.902e+05 -8.934e+05 -7.036e+05 -9.473e+05 -8.905e+05 -8.769e+05 -8.747e+05 -8.314e+05 -5.266e+05 -5.369e+05 -4.665e+05 -4.795e+05 -6.877e+05   -7.3e+05 -8.714e+05 -7.973e+05 -6.276e+05  -6.87e+05 -6.691e+05  -5.84e+05 -5.815e+05 -6.045e+05 -6.059e+05 -4.377e+05 -5.138e+05 -5.606e+05 -7.299e+05 -6.514e+05 -5.965e+05 -7.818e+05  -6.81e+05 -5.932e+05 -6.616e+05  -4.02e+05 -5.674e+05 -7.241e+05 -7.311e+05  -9.39e+05  -1.04e+06 -3.611e+05 -3.223e+05 -3.496e+05
 -4.705e+05 -6.968e+05 -1.065e+06 -1.119e+06 -1.386e+06 -1.085e+06 -1.093e+06 -1.056e+06 -1.343e+06 -1.173e+06 -7.543e+05  -1.26e+06 -6.461e+05 -7.814e+05 -1.203e+06 -1.136e+06 -8.209e+05 -1.411e+06 -1.345e+06 -1.785e+06 -1.935e+07 -1.946e+06 -2.696e+06  -2.17e+06 -1.757e+06 -3.567e+06 -3.417e+06 -3.714e+06 -2.324e+06 -2.277e+06 -2.094e+06 -1.719e+06 -2.319e+06 -3.097e+06 -2.587e+06 -3.652e+06 -2.453e+06 -3.643e+06 -2.871e+06 -3.301e+06 -1.862e+06 -1.709e+06 -2.626e+06 -1.154e+06 -1.349e+06 -1.002e+06 -8.026e+05 -1.133e+06 -6.456e+05 -8.335e+05 -5.876e+05 -7.128e+05 -6.311e+05 -7.976e+05 -2.689e+06 -6.186e+05 -8.276e+05 -8.287e+05 -6.837e+05 -9.313e+05 -8.496e+05 -5.476e+05 -8.203e+05 -8.952e+05 -8.434e+05 -8.145e+05 -7.285e+05 -4.703e+05 -4.936e+05 -4.407e+05 -4.066e+05 -6.513e+05 -6.022e+05 -7.506e+05 -6.385e+05  -6.33e+05 -6.408e+05 -5.858e+05 -5.267e+05 -5.259e+05 -5.608e+05 -5.598e+05 -4.105e+05 -4.779e+05 -4.696e+05 -6.618e+05 -5.746e+05 -5.501e+05 -5.503e+05 -5.379e+05 -5.499e+05 -6.015e+05 -3.683e+05 -5.054e+05 -6.417e+05 -6.496e+05 -9.501e+05 -9.693e+05 -3.039e+05 -2.816e+05 -2.973e+05
 -4.631e+05 -6.797e+05 -9.102e+05 -1.102e+06 -1.025e+06 -7.234e+05 -1.041e+06 -9.954e+05 -1.458e+06 -1.051e+06 -7.707e+05 -1.207e+06     -7e+05 -9.108e+05  -1.31e+06 -1.363e+06 -1.038e+06 -1.211e+06 -1.604e+06 -1.069e+06 -1.946e+06 -1.419e+07 -1.887e+06 -1.745e+06 -2.672e+06 -1.762e+06 -1.996e+06 -2.572e+06 -1.585e+06 -1.837e+06 -1.991e+06  -1.27e+06 -1.959e+06 -2.171e+06 -1.869e+06 -1.685e+06 -2.158e+06 -2.574e+06 -3.136e+06 -1.623e+06 -1.384e+06 -1.967e+06 -2.655e+06  -1.07e+06  -9.71e+05 -1.167e+06 -7.456e+05 -1.104e+06 -7.181e+05 -8.139e+05 -6.286e+05 -6.876e+05 -7.084e+05 -8.084e+05 -2.397e+06 -9.979e+05 -9.048e+05 -7.497e+05 -7.814e+05 -9.881e+05 -8.708e+05 -6.228e+05 -8.614e+05 -8.019e+05 -8.047e+05 -8.026e+05 -7.597e+05  -4.68e+05 -4.866e+05 -4.148e+05 -4.501e+05 -6.085e+05 -6.643e+05 -7.393e+05 -6.871e+05 -6.337e+05 -6.553e+05 -5.952e+05  -5.35e+05 -5.268e+05 -5.918e+05 -5.596e+05 -4.068e+05 -4.622e+05 -4.753e+05 -6.505e+05 -5.871e+05 -1.592e+06 -8.633e+05  -5.53e+05 -5.254e+05 -6.074e+05 -3.809e+05 -5.236e+05 -6.604e+05  -6.78e+05 -8.995e+05 -8.807e+05 -3.209e+05 -2.986e+05 -3.199e+05
 -5.174e+05  -8.71e+05 -1.221e+06 -1.317e+06 -1.162e+06 -1.189e+06 -1.165e+06 -1.422e+06  -9.22e+05 -1.333e+06  -7.91e+05 -1.087e+06 -7.735e+05  -1.02e+06 -1.278e+06 -1.345e+06 -9.388e+05 -2.034e+06  -1.71e+06 -4.402e+06 -2.696e+06 -1.887e+06 -3.748e+07 -2.296e+06 -1.354e+06 -1.949e+06 -3.034e+06 -2.368e+06   -2.1e+06 -1.685e+06 -2.669e+06 -1.929e+06  -3.71e+06 -4.008e+06 -2.009e+06  -1.93e+06 -1.759e+06  -1.72e+06 -3.264e+06 -2.375e+06  -1.76e+06 -1.891e+06 -2.593e+06 -1.275e+06 -1.265e+06 -1.395e+06 -1.004e+06 -1.334e+06 -8.024e+05 -9.552e+05 -6.885e+05 -8.512e+05 -8.213e+05 -9.185e+05 -3.906e+06 -1.645e+06 -1.034e+06 -9.787e+05 -8.832e+05 -1.001e+06  -1.02e+06 -7.017e+05 -1.044e+06 -1.044e+06 -9.803e+05 -1.009e+06 -9.173e+05 -5.979e+05 -5.684e+05   -4.8e+05 -4.773e+05 -7.944e+05 -7.394e+05 -9.151e+05 -7.629e+05 -7.255e+05 -7.482e+05 -7.007e+05 -6.621e+05 -6.072e+05 -6.996e+05 -6.966e+05 -4.661e+05 -5.491e+05 -5.692e+05 -7.609e+05 -6.471e+05  -9.54e+05 -6.699e+05  -6.52e+05 -6.232e+05 -7.211e+05  -4.39e+05 -6.194e+05 -8.146e+05 -7.952e+05 -1.139e+06 -1.057e+06 -3.521e+05 -3.211e+05 -3.747e+05
 -4.725e+05 -8.033e+05 -1.159e+06 -1.212e+06  -9.58e+05 -8.752e+05 -1.072e+06 -1.166e+06 -9.033e+05 -1.137e+06 -7.234e+05 -1.051e+06 -7.222e+05 -9.015e+05 -1.364e+06 -1.191e+06   -9.5e+05   -1.6e+06 -1.682e+06 -2.117e+06  -2.17e+06 -1.745e+06 -2.296e+06 -1.839e+07 -1.489e+06  -1.61e+06 -3.161e+06 -2.937e+06 -2.768e+06 -1.961e+06 -2.315e+06 -1.694e+06 -2.527e+06 -2.612e+06 -1.735e+06 -2.388e+06 -1.853e+06 -1.822e+06 -2.121e+06 -2.269e+06 -1.593e+06 -1.736e+06 -2.298e+06 -1.239e+06 -1.148e+06 -1.205e+06 -9.103e+05 -1.199e+06 -7.594e+05 -7.893e+05 -6.342e+05 -7.594e+05 -7.305e+05 -8.724e+05 -1.124e+06 -7.985e+05 -8.885e+05 -8.522e+05 -7.952e+05 -9.125e+05 -8.927e+05 -6.424e+05  -9.72e+05 -8.622e+05 -8.537e+05 -8.665e+05 -7.999e+05 -4.974e+05 -5.226e+05 -4.449e+05 -4.519e+05 -6.967e+05  -6.65e+05 -7.829e+05 -7.518e+05 -6.587e+05 -6.725e+05 -6.538e+05 -5.902e+05 -5.439e+05 -5.805e+05 -5.744e+05 -4.238e+05 -4.943e+05 -5.147e+05 -6.763e+05 -6.108e+05 -7.305e+05 -8.985e+05 -5.834e+05 -5.811e+05 -6.103e+05 -3.801e+05 -5.485e+05 -6.804e+05 -6.856e+05 -9.087e+05 -9.982e+05 -3.396e+05 -3.086e+05 -3.333e+05
 -4.332e+05 -6.413e+05 -9.587e+05 -9.852e+05 -1.413e+06  -8.52e+05 -8.102e+05  -8.91e+05 -3.094e+06 -1.491e+06 -1.178e+06 -1.896e+06 -6.946e+05 -7.521e+05 -1.195e+06 -8.245e+05 -7.853e+05 -1.056e+06 -1.084e+06 -1.358e+06 -1.757e+06 -2.672e+06 -1.354e+06 -1.489e+06 -4.674e+07 -6.182e+06 -4.413e+06 -4.379e+06 -1.451e+06 -2.852e+06 -1.876e+06 -2.213e+06 -2.732e+06 -1.856e+06 -2.582e+06 -1.279e+06 -3.665e+06 -6.417e+06 -4.442e+06 -2.189e+06 -3.164e+06 -3.728e+06 -4.906e+06 -1.046e+06 -9.009e+05 -9.104e+05 -1.159e+06 -1.326e+06 -6.054e+05 -7.779e+05 -5.824e+05 -7.751e+05 -6.826e+05 -8.208e+05 -4.958e+06 -2.661e+06 -8.798e+05 -8.439e+05  -7.16e+05 -1.497e+06 -8.702e+05 -5.236e+05 -8.588e+05 -7.205e+05 -9.216e+05 -8.699e+05 -7.086e+05 -4.245e+05 -4.443e+05  -3.63e+05 -3.705e+05 -7.522e+05 -7.388e+05  -8.05e+05 -5.462e+05 -6.272e+05 -5.083e+05 -5.189e+05 -4.473e+05 -4.527e+05 -4.814e+05 -5.664e+05 -4.248e+05 -4.454e+05 -3.956e+05 -5.783e+05 -4.549e+05 -2.143e+05 -2.546e+05 -4.202e+05 -4.335e+05 -4.645e+05 -2.957e+05 -4.225e+05 -5.915e+05 -5.031e+05 -9.465e+05 -8.358e+05 -2.782e+05 -2.796e+05 -2.662e+05
 -4.508e+05  -7.31e+05 -1.023e+06 -1.353e+06 -1.125e+06 -6.516e+05 -1.075e+06 -8.681e+05 -2.256e+06 -1.527e+06 -9.727e+05 -1.622e+06 -7.444e+05 -8.016e+05  -1.22e+06 -1.251e+06 -9.632e+05 -1.616e+06 -1.599e+06 -2.271e+06 -3.567e+06 -1.762e+06 -1.949e+06  -1.61e+06 -6.182e+06 -1.155e+08 -2.414e+06 -1.692e+06 -1.868e+06 -2.565e+06 -2.834e+06 -2.107e+06 -2.375e+06 -4.309e+06 -3.423e+06 -2.247e+06 -5.706e+06  -3.25e+06 -2.703e+06 -1.395e+06 -2.683e+06 -2.384e+06  -2.02e+06 -1.127e+06 -1.217e+06 -1.171e+06 -9.447e+05 -1.153e+06  -8.12e+05 -7.885e+05 -7.132e+05 -7.228e+05 -6.813e+05 -7.276e+05 -1.449e+06 -1.169e+06 -9.612e+05 -8.353e+05 -8.833e+05 -1.238e+06 -9.191e+05 -6.221e+05 -8.105e+05 -8.123e+05 -8.027e+05 -7.928e+05 -9.257e+05 -4.785e+05 -5.418e+05 -4.234e+05 -4.366e+05 -6.979e+05 -6.161e+05 -6.578e+05 -6.293e+05 -7.701e+05 -5.561e+05 -6.396e+05 -5.512e+05 -5.472e+05 -6.046e+05  -5.76e+05 -4.696e+05  -4.76e+05  -5.12e+05 -6.859e+05 -5.748e+05 -9.485e+05 -5.254e+05 -5.912e+05 -5.765e+05 -5.703e+05 -3.303e+05 -5.331e+05 -6.783e+05 -6.396e+05 -9.687e+05 -1.091e+06 -3.127e+05  -2.95e+05  -3.29e+05
 -3.628e+05 -6.869e+05 -9.435e+05 -8.126e+05 -2.224e+06 -1.451e+06 -9.963e+05 -9.905e+05 -9.975e+05 -1.594e+06 -8.899e+05 -1.266e+06 -6.926e+05 -7.311e+05 -1.013e+06 -1.092e+06 -7.493e+05  -1.21e+06 -1.363e+06 -2.368e+06 -3.417e+06 -1.996e+06 -3.034e+06 -3.161e+06 -4.413e+06 -2.414e+06 -6.849e+07 -6.017e+06 -2.489e+06 -3.132e+06 -1.969e+06 -2.009e+06  -3.33e+06 -4.103e+06 -3.487e+06 -3.534e+06 -4.721e+06 -4.348e+06 -2.727e+06 -8.821e+06  -2.75e+06 -1.676e+06 -4.622e+06 -1.106e+06 -1.071e+06 -9.951e+05 -1.076e+06 -1.081e+06 -4.804e+05  -6.37e+05 -4.911e+05 -6.127e+05 -5.198e+05 -7.055e+05  -1.22e+07   -6.2e+06 -7.775e+05 -7.637e+05 -5.738e+05 -8.379e+05 -6.618e+05  -5.82e+05 -6.761e+05  -6.82e+05 -7.764e+05 -6.951e+05 -6.702e+05 -3.983e+05 -4.588e+05  -3.32e+05 -3.125e+05 -4.932e+05 -4.932e+05 -6.329e+05 -5.943e+05 -5.905e+05 -4.398e+05 -5.024e+05 -4.875e+05 -4.917e+05 -5.558e+05 -5.549e+05 -3.656e+05 -4.214e+05 -3.867e+05 -5.772e+05 -4.787e+05 -9.598e+05  -1.03e+06 -4.741e+05 -4.929e+05 -4.829e+05 -3.169e+05 -4.067e+05 -5.429e+05  -5.23e+05 -7.669e+05 -7.918e+05 -2.991e+05 -2.516e+05 -2.849e+05
 -4.007e+05 -6.018e+05 -1.031e+06 -9.894e+05 -1.602e+06 -2.644e+06 -8.065e+05  -9.32e+05 -2.152e+06 -2.371e+06 -1.032e+06  -1.56e+06 -5.882e+05 -6.981e+05 -1.019e+06 -1.418e+06 -7.554e+05 -1.267e+06 -1.327e+06 -1.653e+06 -3.714e+06 -2.572e+06 -2.368e+06 -2.937e+06 -4.379e+06 -1.692e+06 -6.017e+06 -5.902e+07 -1.911e+06 -3.164e+06 -2.084e+06 -1.606e+06 -2.036e+06 -2.401e+06 -3.054e+06  -5.29e+06 -6.687e+06 -4.442e+06  -1.47e+06 -6.694e+06 -1.315e+06  -2.75e+06 -6.046e+06 -1.057e+06 -8.131e+05 -7.545e+05 -1.242e+06 -9.098e+05 -4.533e+05 -9.106e+05 -6.018e+05 -6.725e+05 -5.884e+05 -6.513e+05  -1.95e+06 -5.074e+05 -7.102e+05 -6.924e+05  -7.51e+05 -9.686e+05 -6.841e+05 -4.963e+05  -8.56e+05 -1.039e+06 -8.137e+05 -7.579e+05 -6.109e+05 -3.986e+05 -4.112e+05 -3.447e+05 -3.528e+05 -5.473e+05 -6.548e+05 -6.223e+05 -4.222e+05 -5.398e+05 -4.795e+05 -4.375e+05 -4.565e+05 -5.012e+05 -4.731e+05 -5.422e+05 -4.533e+05  -3.97e+05 -4.028e+05 -6.003e+05 -5.472e+05 -6.357e+05 -1.152e+05 -4.084e+05 -4.674e+05 -4.607e+05 -2.557e+05 -4.205e+05 -5.079e+05 -5.009e+05 -8.469e+05 -8.976e+05 -2.905e+05 -2.498e+05 -2.499e+05
  -5.44e+05 -8.318e+05 -1.121e+06 -1.232e+06  -9.67e+05 -6.404e+05 -1.037e+06 -1.165e+06 -7.743e+05 -1.091e+06  -5.97e+05 -1.093e+06 -7.836e+05 -9.967e+05  -1.49e+06 -1.335e+06 -9.985e+05 -1.582e+06 -1.774e+06 -2.447e+06 -2.324e+06 -1.585e+06   -2.1e+06 -2.768e+06 -1.451e+06 -1.868e+06 -2.489e+06 -1.911e+06 -2.934e+07 -1.852e+06 -2.978e+06 -1.714e+06 -2.712e+06 -2.408e+06 -1.679e+06 -2.236e+06 -1.938e+06  -1.21e+06 -3.158e+06 -1.795e+06 -1.701e+06 -1.849e+06 -2.327e+06 -1.269e+06 -1.149e+06 -1.167e+06 -8.178e+05 -1.262e+06 -7.595e+05 -8.343e+05 -6.691e+05 -7.441e+05 -7.871e+05 -8.947e+05 -7.258e+05  -2.19e+05  -9.37e+05 -9.295e+05 -7.483e+05  -9.11e+05 -9.231e+05 -7.131e+05 -9.087e+05 -8.885e+05 -9.163e+05 -8.247e+05 -8.448e+05 -5.238e+05 -4.931e+05 -4.643e+05  -4.63e+05 -6.927e+05 -6.278e+05 -7.848e+05 -6.441e+05 -6.501e+05 -6.483e+05  -6.28e+05 -5.809e+05 -5.708e+05 -6.129e+05 -5.864e+05 -4.332e+05 -4.958e+05 -5.532e+05  -7.37e+05 -6.298e+05 -1.954e+05 -1.043e+06 -5.966e+05 -5.972e+05 -6.976e+05 -3.917e+05 -5.765e+05 -6.816e+05 -7.088e+05 -8.908e+05 -9.637e+05 -3.239e+05  -3.21e+05 -3.555e+05
 -3.948e+05 -5.823e+05 -8.696e+05 -9.364e+05 -1.122e+06 -1.059e+06 -8.326e+05 -8.728e+05 -1.668e+06  -1.39e+06 -5.606e+05 -1.079e+06 -6.367e+05 -7.023e+05 -1.025e+06 -1.002e+06 -7.733e+05 -1.181e+06 -1.157e+06 -1.604e+06 -2.277e+06 -1.837e+06 -1.685e+06 -1.961e+06 -2.852e+06 -2.565e+06 -3.132e+06 -3.164e+06 -1.852e+06 -1.625e+07 -2.226e+06 -1.673e+06 -2.191e+06 -2.702e+06 -3.236e+06 -3.385e+06 -3.686e+06  -2.85e+06 -2.611e+06 -2.704e+06 -1.907e+06 -2.755e+06 -3.174e+06  -8.96e+05 -8.927e+05 -9.249e+05  -1.03e+06 -1.096e+06 -5.099e+05 -7.571e+05 -5.267e+05 -6.515e+05 -5.455e+05 -6.645e+05 -1.402e+06 -8.948e+05 -7.008e+05 -6.542e+05 -5.789e+05 -8.753e+05 -7.381e+05 -5.175e+05 -6.834e+05 -7.288e+05 -6.339e+05 -6.787e+05  -6.77e+05 -4.137e+05 -4.018e+05 -3.576e+05 -3.459e+05 -5.228e+05 -5.153e+05 -6.175e+05 -5.096e+05 -5.193e+05 -4.654e+05 -5.093e+05 -4.603e+05 -4.558e+05 -4.764e+05  -4.57e+05  -3.09e+05 -3.797e+05 -3.961e+05 -5.765e+05 -5.093e+05 -5.198e+05 -7.553e+05 -4.655e+05 -4.575e+05 -5.039e+05  -3.13e+05  -4.42e+05 -5.398e+05  -4.94e+05 -7.047e+05  -7.47e+05 -2.847e+05 -2.551e+05 -2.732e+05
 -5.451e+05 -8.163e+05 -1.217e+06 -1.216e+06 -9.601e+05 -7.873e+05 -1.038e+06  -1.22e+06 -1.048e+06 -1.381e+06 -6.675e+05 -1.063e+06  -8.29e+05 -1.071e+06 -1.663e+06   -1.2e+06 -9.952e+05 -1.593e+06 -2.077e+06 -2.704e+06 -2.094e+06 -1.991e+06 -2.669e+06 -2.315e+06 -1.876e+06 -2.834e+06 -1.969e+06 -2.084e+06 -2.978e+06 -2.226e+06 -3.818e+07  -1.38e+06 -4.762e+06 -3.199e+06 -3.062e+06 -3.081e+06 -2.767e+06 -1.945e+06  -2.94e+06 -2.617e+06 -1.798e+06 -3.218e+06 -2.516e+06 -1.274e+06 -1.197e+06 -1.298e+06 -9.788e+05 -1.192e+06 -8.306e+05 -8.623e+05 -7.145e+05 -7.887e+05 -7.615e+05 -9.233e+05  -4.49e+05 -2.508e+05 -1.126e+06  -9.53e+05 -7.762e+05 -1.005e+06 -1.034e+06 -6.872e+05 -1.035e+06 -9.809e+05 -9.082e+05  -9.11e+05 -8.622e+05 -5.511e+05 -5.253e+05 -4.701e+05  -5.02e+05 -7.578e+05 -7.697e+05 -8.803e+05 -8.245e+05  -7.16e+05 -7.305e+05 -6.756e+05 -6.115e+05 -5.597e+05 -6.222e+05 -6.089e+05 -4.512e+05 -5.328e+05 -5.467e+05   -7.5e+05 -6.535e+05 -9.119e+05 -1.819e+06 -5.841e+05 -5.927e+05 -6.361e+05 -4.002e+05  -5.83e+05 -7.086e+05 -7.452e+05  -1.03e+06 -1.086e+06 -3.496e+05 -3.358e+05 -3.662e+05
 -4.168e+05 -5.853e+05  -8.87e+05 -9.687e+05 -9.968e+05 -8.447e+05 -8.599e+05 -8.968e+05 -8.432e+05 -9.423e+05  -1.01e+06 -1.176e+06 -5.809e+05 -7.244e+05 -1.129e+06 -9.285e+05 -7.834e+05 -1.065e+06 -1.254e+06 -1.544e+06 -1.719e+06  -1.27e+06 -1.929e+06 -1.694e+06 -2.213e+06 -2.107e+06 -2.009e+06 -1.606e+06 -1.714e+06 -1.673e+06  -1.38e+06 -9.907e+06 -1.748e+06 -2.006e+06 -2.283e+06 -1.964e+06 -2.536e+06 -1.137e+06 -2.053e+06 -1.419e+06 -1.762e+06 -1.609e+06 -2.416e+06 -9.015e+05 -8.726e+05 -8.844e+05 -8.179e+05 -1.125e+06 -5.705e+05 -6.261e+05 -4.947e+05  -5.99e+05 -5.563e+05 -6.777e+05 -1.273e+06 -9.891e+05 -7.883e+05 -6.706e+05 -6.249e+05 -7.743e+05 -7.125e+05 -4.965e+05  -7.01e+05 -6.581e+05 -7.045e+05 -7.268e+05 -6.455e+05 -4.147e+05 -4.136e+05 -3.455e+05 -3.577e+05 -6.009e+05 -5.814e+05 -6.347e+05 -5.208e+05 -5.252e+05 -5.161e+05  -4.88e+05 -4.496e+05  -4.39e+05 -4.558e+05 -4.574e+05 -3.323e+05 -3.794e+05 -3.971e+05 -5.353e+05 -4.765e+05  -7.97e+05 -6.906e+05 -4.271e+05 -4.462e+05  -4.95e+05 -2.963e+05 -4.036e+05 -5.572e+05 -5.235e+05 -7.085e+05 -7.381e+05 -2.826e+05 -2.402e+05 -2.628e+05
